4876
10343
11136
22947
26147
1117
1329
15391
18249
16733
15894
3579
30537
28377
29293
23254
29277
31474
28515
13428
22340
19771
29389
17320
17557
32448
4888
24695
8275
21319
25475
30074
32193
22485
10379
12932
5496
19060
12455
21125
950
12084
9526
30894
16633
13936
26550
26838
6075
2809
10725
17500
11187
15406
14127
260
29289
29500
27821
23500
20106
32431
15120
11700
29666
18099
7967
8307
17696
17356
3489
31431
16089
19911
22141
1801
5071
22257
17184
18436
24178
26502
29727
28679
2983
28012
16925
20025
25289
13345
9712
9773
20205
6387
27647
9654
19819
20335
14062
27901
9626
18971
5502
23760
19930
7016
12206
7997
8664
25314
20263
7776
19981
6826
18134
23929
5256
22822
32219
26689
20206
23287
8610
19583
20927
26923
17231
20950
5338
28596
25696
25569
17732
22553
13965
25218
9253
31852
4851
19574
22291
18044
27762
30765
3475
20299
16724
20185
8157
4803
20527
15814
2784
2980
5132
20969
28038
19393
19400
12731
27449
25708
4283
26952
6054
13103
16536
15490
20417